-9.879960945227139746e-04
-8.724693702788499650e-05
-4.627771814966763486e-04
9.404040087588327879e-04
-7.190889772346054087e-05
-3.848943305229113321e-04
-7.639005769988216343e-04
3.058204569867939426e-04
9.105502054751468677e-05
8.325744029562542892e-04
-1.027709681679311871e-03
1.182801229209218263e-04
-5.058692095936123678e-04
1.252846710507071748e-03
-2.298903497930382400e-04
2.683164754984090905e-04
-8.195823925257195164e-04
6.088115910975189227e-04
1.691850090710378396e-04
6.760672322213556740e-04
-1.360457994565335282e-04
-5.190028861055406839e-04
3.363163926260563652e-05
5.571369996209378506e-04
3.134620653618205854e-04
-3.788519335425066803e-05
-7.459527945434807350e-04
1.605905232281157335e-05
3.259390682103235903e-06
7.562059185263758643e-04
-8.262517011083381213e-04
-1.392798670741823841e-04
-7.948034091320721473e-04
3.668316658878012504e-04
5.236788316720364378e-05
2.739020961461946513e-05
-1.171332083142573310e-03
-1.127929800457394549e-04
-2.914324992335792786e-04
5.238481033771336115e-04
-4.550778407725886154e-04
-5.795759991045201787e-04
-6.660516413248274148e-04
1.427557888575847755e-04
1.373920624700986082e-04
9.273387588848436280e-05
-9.277055670651179753e-04
-1.931515469237865545e-04
-3.235526343701167207e-04
5.874719925529348075e-04
-1.986424215303372875e-04
-3.524700880319642238e-04
-5.973184537459985677e-04
7.644211490998031877e-05
2.255992830590969334e-04
4.082754767811280772e-04
-7.525048910803633362e-04
-2.029462532942005737e-04
-2.653865297972402004e-04
6.696651423965249705e-04
3.237098676578398226e-05
-1.894297520408372293e-04
-6.866009676116391347e-04
1.950335310141326772e-04
3.774688841282625162e-04
5.284287909752549695e-04
-5.837546447668984229e-04
-1.401910914768933480e-04
-6.398479886371433167e-05
1.017707239278742293e-03
1.666817517040897201e-04
6.511878355581757205e-04
-1.006346738137153807e-04
1.265977936797391123e-03
1.957053966048505345e-03
2.893474657268413353e-03
3.036236553615623279e-03
4.980036233540374724e-03
7.265920988423602012e-03
1.253870441996696172e-02
1.672839121447758370e-02
2.548916019223222348e-02
3.632533494404572433e-02
5.537455254042921576e-02
8.202663175891519720e-02
1.216765902894762774e-01
1.788593161171730117e-01
2.653502053070216915e-01
3.926538957596588109e-01
5.829266655472163938e-01
8.623906431418594254e-01
1.276631995552020893e+00
1.888701984394566713e+00
2.797137391114980609e+00
4.138592340512102119e+00
6.121900422357462013e+00
9.047845996181525408e+00
1.336153367958703697e+01
1.970596493395314397e+01
2.900511197334702373e+01
4.256564416167163500e+01
6.219603175844768117e+01
9.030957081353344051e+01
1.299368448745384512e+02
1.845086541271278975e+02
2.571565675168553753e+02
3.492223444331294218e+02
4.578628401759622193e+02
5.733200682756154265e+02
6.778464082397342736e+02
7.489912781647667543e+02
7.681326537214671362e+02
7.298912908320776296e+02
6.452222066098845517e+02
5.354392679985544419e+02
4.223770207386332345e+02
3.216021090022081808e+02
2.411270773942811729e+02
1.837054255798300346e+02
1.502013401691455670e+02
1.427190778347980427e+02
1.674558354581573951e+02
2.374683365853890677e+02
3.746547994135999033e+02
6.070707086211430124e+02
9.518002741528136994e+02
1.372805744504073346e+03
1.736274940409643932e+03
1.854469304077457309e+03
1.652087387306267146e+03
1.250818608058910741e+03
8.364124668185772862e+02
5.145163202323251426e+02
3.007278815600404869e+02
1.707053368911469420e+02
9.539721618759344324e+01
5.291246162842890044e+01
2.927220029477558683e+01
1.619841111681953549e+01
8.985642985407169547e+00
5.002685494460219928e+00
2.801326985681903636e+00
1.578162353339031654e+00
8.964121853862110356e-01
5.121324681835415227e-01
2.959430298852808727e-01
1.726999119586735132e-01
1.031782978302323434e-01
6.123071518620344655e-02
3.725234324252389706e-02
2.145412695051765462e-02
1.426578980074898542e-02
9.228397705834855136e-03
6.087567128789675430e-03
3.367294554335653611e-03
1.846523442339279009e-03
9.564616529079972285e-04
1.812696373554800733e-03
9.100906543308417973e-04
5.301939612553097092e-04
-6.080284486280618239e-04
1.173073715445838161e-04
3.393877638839803978e-04
7.997699611856923241e-04
-1.761631236973926207e-05
-6.090002368797087229e-04
-3.431312295472110918e-04
5.313985528019316007e-04
5.035608479069253463e-04
2.253268927532303678e-04
-9.011653793677965041e-04
-1.268706947428199783e-04
1.597989668198351865e-04
8.521795272002918864e-04
-3.019847527951924349e-04
-2.791742768835092647e-04
-7.072572284982925339e-04
4.422896815938770487e-04
5.656835303895491052e-04
3.233701896334650883e-04
-8.199906644357213281e-04
-2.556926510450807655e-04
-1.067585974432461171e-04
1.369572696324539152e-03
-5.509434662673839966e-04
7.905358269333362387e-05
-1.206519891120194643e-03
7.138835842965818301e-04
3.867672335999827737e-04
4.293836378934656750e-04
-7.630113040875130537e-04
-5.223299425836103183e-04
1.176778157763180843e-04
8.519378691254075875e-04
1.994872863537722196e-04
-5.038611475338683476e-04
-5.673175227443039148e-04
1.466152318618796357e-04
6.685946588085300846e-04
5.284507979297359270e-04
-8.962170570470107123e-04
-1.688312565795158093e-04
-4.179753180189038630e-04
1.088194004138287596e-03
-6.688317007430555350e-05
-5.708434661499950380e-05
-1.026845771185946887e-03
2.681035199714187911e-04
3.777903086391309895e-04
8.331027982944501364e-04
-7.154948775752109635e-04
-3.303144088648637955e-04
-3.413647892146418061e-04
9.254206557833336011e-04
2.006495538050268035e-04
1.382948955793439350e-04
-1.124121161567820382e-03
8.114525961866458914e-05
4.315483226423610930e-04
6.212198983416294951e-04
-5.262933821359450093e-04
-2.224908665400260332e-04
-8.202553420240121795e-04
9.605812373605360222e-04
1.783015549650102116e-04
2.217694715618279133e-04
-8.118774775560666512e-04
-1.720801470348476414e-04
2.437068141531995025e-04
1.035342254773752302e-03
-3.000935046415520446e-04
-3.438240422610761016e-04
-7.734638869720811272e-04
8.574754242260951287e-04
2.511852171664941125e-04
3.163034869260172854e-04
-8.662059767630125862e-04
-4.009228086374605482e-04
1.477880896345595829e-04
8.225838654425388086e-04
-1.612386109286489955e-04
-3.957265827807532332e-04
-8.212428092519985512e-04
6.147696809080116509e-04
3.980224684880795394e-04
4.194835118340733970e-04
-7.399669154182220154e-04
-2.168172345591301564e-04
9.450730209437097074e-05
8.853475841021918313e-04
9.848362803666077525e-05
-3.659015044377156300e-04
-5.698100060840260994e-04
3.831949727555183927e-04
3.008669707469380228e-04
6.212118061057481100e-04
